Name,Age
Shelby Anderson,35
Kevin Fernandez,56
Jose Stevens,48
Alison Carter,56
Brian Mendez,41
James Graham,75
Christina Dunn,25
Adam Stevens,33
Patrick Calderon,43
Lori Shaw,30
